20
0 1 65 54 82 78 84 81 24 46 82 66 21 83 18 17 4 92 57 47 
37 0 88 31 92 79 46 62 1 37 14 93 18 1 23 50 37 93 9 50 
94 40 0 13 89 75 94 86 21 2 66 78 58 39 100 52 86 67 58 40 
92 90 99 0 58 32 83 99 74 73 66 20 2 23 29 98 79 64 96 50 
81 61 1 51 0 41 47 83 22 76 90 8 98 38 83 74 68 25 26 24 
93 50 51 70 77 0 42 27 99 85 42 35 73 39 60 98 54 88 91 81 
5 3 42 37 57 43 0 6 13 70 80 86 45 8 2 61 93 51 53 38 
46 31 71 95 33 15 75 0 84 87 35 73 92 26 91 46 25 68 85 8 
47 15 24 24 58 15 76 14 0 49 26 94 45 53 46 81 70 57 19 84 
51 90 56 65 26 26 22 93 53 0 99 9 51 13 27 82 8 69 98 44 
76 4 36 25 87 12 40 50 22 69 0 57 55 95 20 4 58 77 74 2 
99 67 55 58 64 93 70 94 97 70 34 0 88 44 82 11 78 99 41 19 
59 63 9 19 97 14 87 37 31 71 20 37 0 35 45 71 40 20 29 3 
17 81 23 13 21 37 51 14 27 51 36 25 30 0 92 80 46 6 11 80 
90 76 78 58 54 96 45 14 73 95 80 97 70 24 0 16 48 36 10 92 
4 39 27 95 96 22 40 19 10 63 36 91 45 86 12 0 58 69 37 91 
49 55 20 40 85 53 77 63 57 62 11 11 47 52 85 7 0 42 74 12 
70 7 71 91 79 94 5 4 98 33 41 74 93 66 46 30 23 0 98 61 
82 24 16 11 57 23 58 33 61 66 52 36 28 43 11 19 5 83 0 67 
2 53 1 12 94 99 77 83 61 87 37 14 22 8 5 44 43 51 69 0 
