30
0 48 6 60 51 19 63 37 74 100 99 55 45 82 91 58 12 19 29 88 22 21 89 25 89 63 41 94 11 91 
87 0 66 13 94 47 13 35 51 38 90 66 32 15 16 30 67 86 29 21 87 14 29 55 39 27 53 98 57 70 
100 19 0 84 68 75 96 18 84 46 72 35 77 2 51 61 44 11 95 95 87 70 58 95 84 43 17 20 48 12 
70 82 100 0 47 23 12 15 79 12 60 91 24 23 80 77 93 19 38 63 2 46 95 34 9 79 82 52 32 74 
34 60 84 88 0 1 77 64 66 29 56 65 4 17 51 53 36 49 69 74 2 27 48 100 81 50 91 21 1 54 
27 75 36 37 33 0 64 67 27 87 77 90 29 74 2 40 61 40 89 42 20 61 16 8 2 43 19 35 85 29 
63 18 68 97 20 42 0 76 29 95 11 28 82 14 69 17 65 40 36 65 32 9 5 65 45 48 35 1 79 25 
93 3 6 42 72 100 29 0 15 13 18 31 40 4 65 27 55 2 33 21 34 60 60 24 99 94 1 97 59 74 
90 68 62 89 87 40 64 46 0 81 28 32 82 38 49 64 51 57 28 62 70 90 44 87 92 29 48 46 29 16 
50 68 8 14 26 20 81 76 21 0 66 71 90 31 63 7 7 11 99 30 32 20 95 2 12 14 72 86 18 90 
89 78 12 32 27 63 53 24 53 72 0 37 97 93 57 6 30 82 39 46 51 99 46 51 28 16 14 73 45 86 
17 79 74 56 56 52 14 76 58 6 62 0 99 58 48 21 85 46 35 71 49 8 76 68 6 2 52 87 60 77 
46 82 63 54 72 60 90 36 80 48 28 21 0 69 32 26 59 13 3 87 91 27 2 32 47 32 62 18 73 44 
14 22 44 55 43 2 61 11 19 12 95 45 15 0 18 91 15 55 20 43 27 2 86 57 14 83 57 33 96 59 
57 34 54 13 12 54 68 54 21 2 31 17 98 32 0 98 34 65 94 17 95 56 89 39 66 55 13 4 33 98 
91 38 93 52 1 10 7 80 97 76 24 82 5 6 86 0 75 31 59 19 90 47 43 15 88 69 74 58 64 65 
98 23 52 90 37 36 86 61 47 88 31 95 62 82 46 37 0 9 63 86 64 44 73 56 22 39 9 67 30 31 
56 56 60 22 55 27 66 35 90 3 82 91 52 45 82 65 83 0 94 49 91 50 25 64 16 43 100 67 64 16 
50 56 89 84 5 72 37 82 99 52 73 68 86 87 70 44 33 86 0 28 89 95 12 81 85 63 1 86 58 92 
57 49 22 29 37 51 78 94 93 27 61 88 62 94 97 72 1 80 38 0 41 4 77 100 12 62 77 95 90 88 
40 26 80 93 58 39 14 80 64 39 82 1 7 53 67 8 28 3 55 67 0 75 99 21 42 63 37 70 60 30 
54 41 27 38 66 11 16 37 53 2 90 77 16 55 76 9 98 76 99 87 53 0 90 38 15 36 31 41 95 68 
33 10 19 76 83 75 20 18 85 31 45 6 55 21 41 87 40 35 86 15 88 44 0 21 26 95 90 27 41 77 
49 89 15 24 68 7 100 38 52 82 11 69 76 53 48 93 80 26 76 88 8 13 9 0 27 24 68 18 39 7 
92 61 27 88 60 68 82 83 82 59 91 87 10 54 33 59 90 75 77 95 87 58 77 16 0 55 91 100 95 44 
87 35 58 83 85 2 44 49 78 5 25 95 73 64 24 46 81 51 82 80 43 50 18 65 8 0 5 49 71 9 
62 6 80 46 66 60 98 75 17 87 65 62 100 88 42 63 51 20 85 39 72 42 66 67 54 30 0 40 7 41 
38 83 22 76 98 32 46 17 67 83 7 98 33 92 38 59 76 3 36 44 15 25 44 14 96 85 33 0 9 61 
29 19 87 38 62 68 38 37 53 71 61 4 30 1 77 4 92 90 54 76 33 79 27 79 91 55 64 30 0 75 
8 29 12 9 33 17 73 40 13 9 26 82 80 87 91 62 7 10 1 36 100 100 31 7 34 49 56 64 3 0 
