40
0 42 33 33 56 86 82 43 31 71 29 74 64 48 62 6 20 44 57 2 49 31 45 15 29 66 41 49 9 77 72 41 75 27 7 84 91 45 4 23 
100 0 39 9 85 14 55 89 70 59 60 88 87 44 40 14 94 26 49 70 46 32 59 82 55 74 14 94 96 78 31 6 48 8 1 74 98 8 19 52 
3 99 0 41 38 100 34 81 52 52 94 73 95 33 66 63 89 57 48 29 40 59 94 58 4 49 20 21 42 36 34 2 12 12 11 46 81 78 45 8 
81 36 19 0 2 57 59 36 51 53 47 68 91 33 76 91 7 60 13 42 72 37 51 96 83 84 47 90 79 50 88 24 75 87 56 79 66 79 89 52 
97 98 46 29 0 76 22 61 80 35 68 51 37 36 75 47 77 67 39 85 95 96 63 95 67 95 28 32 57 38 94 59 35 44 31 76 10 88 81 43 
42 70 74 29 53 0 22 95 98 41 58 72 11 54 49 66 75 72 1 63 43 47 18 78 92 13 81 83 30 7 95 27 22 91 48 10 47 92 6 17 
36 25 39 61 98 6 0 5 100 83 33 82 29 21 97 84 26 8 33 4 43 96 43 27 39 31 77 4 56 19 67 76 50 53 78 100 3 85 91 32 
89 63 18 75 4 51 18 0 81 80 40 43 11 84 87 52 61 48 52 15 3 53 63 48 51 25 38 29 42 57 75 85 21 14 91 79 90 94 56 91 
97 96 37 83 15 72 91 22 0 75 70 26 2 94 16 38 96 99 83 27 68 61 26 31 1 30 21 35 6 34 67 48 35 63 93 1 78 52 95 33 
3 2 21 89 71 99 71 48 28 0 38 49 25 56 70 73 12 98 47 96 7 36 93 55 68 99 50 17 26 46 92 11 68 68 8 92 57 74 16 16 
37 42 98 11 72 33 34 46 97 76 0 28 90 36 15 86 24 76 32 61 46 2 62 70 59 52 44 33 67 32 58 28 95 26 29 37 62 55 6 28 
17 51 67 37 20 11 86 70 40 28 76 0 29 33 4 92 80 79 67 79 98 2 81 34 48 78 5 85 11 18 2 16 82 97 48 79 92 64 41 24 
22 70 23 68 60 61 30 90 80 12 78 56 0 10 89 92 2 68 58 17 96 73 55 1 27 13 99 46 1 69 2 97 87 9 53 30 25 15 5 5 
52 50 86 83 46 33 26 47 98 50 92 24 54 0 85 9 22 74 15 42 21 21 71 80 19 81 22 17 48 23 76 5 4 9 1 10 92 10 37 37 
30 23 90 62 7 68 8 36 43 59 46 90 83 29 0 65 90 93 1 43 67 49 33 76 30 38 95 64 97 67 19 2 26 5 68 87 10 66 22 89 
23 57 4 68 41 89 70 15 76 51 48 60 88 31 40 0 100 58 86 11 49 1 67 74 19 56 91 38 97 74 53 8 35 21 25 5 70 83 59 85 
20 73 100 42 43 95 100 1 5 83 4 18 24 95 59 14 0 28 30 97 17 72 38 59 83 17 91 9 91 89 67 2 63 42 23 83 7 56 44 41 
79 92 63 50 55 14 45 37 6 65 84 15 81 54 28 76 37 0 14 23 53 77 28 2 4 28 58 83 92 70 25 31 88 99 75 97 19 32 29 22 
85 26 3 52 80 89 47 21 44 22 20 44 23 34 77 75 58 17 0 47 3 98 26 94 16 39 59 42 88 8 33 61 86 34 86 21 60 55 97 66 
60 74 52 91 80 58 99 86 35 64 79 8 41 51 38 60 62 22 92 0 2 56 92 28 65 95 79 1 62 70 27 85 43 80 92 68 85 28 16 95 
37 46 56 22 54 54 95 58 57 51 5 65 48 85 88 16 40 87 85 19 0 66 50 68 2 34 9 79 98 60 95 39 58 23 26 68 70 10 16 42 
34 95 79 34 79 56 15 83 46 99 2 38 7 78 46 44 100 73 39 53 15 0 92 59 69 95 78 56 97 7 47 45 56 88 34 26 100 60 84 7 
97 70 54 29 44 19 76 7 58 37 85 19 78 2 62 53 99 45 57 17 30 84 0 99 42 49 21 53 13 5 14 53 62 30 21 23 32 1 87 3 
100 63 18 67 4 23 68 4 98 22 18 25 39 78 7 24 6 26 100 44 64 93 16 0 44 45 87 29 41 71 19 44 100 85 90 41 76 39 9 48 
18 58 34 84 56 70 42 21 1 59 62 67 93 74 92 13 100 84 99 74 32 96 72 32 0 5 85 21 75 99 13 28 3 81 26 24 46 12 34 20 
57 33 44 81 41 97 84 36 66 70 10 18 61 22 61 16 17 78 90 94 14 71 33 40 85 0 28 2 86 27 29 50 70 42 23 17 72 79 93 26 
19 98 50 46 8 69 72 69 11 46 99 79 43 30 97 41 25 56 30 1 79 15 10 20 82 13 0 34 32 14 72 44 3 29 78 12 47 58 26 52 
35 71 74 10 9 40 42 28 18 4 68 32 46 83 70 49 96 60 46 39 79 48 23 81 87 87 64 0 5 76 1 11 75 35 91 17 1 9 53 95 
40 15 88 3 48 31 69 23 60 75 21 98 19 71 52 20 89 43 87 62 44 39 12 14 13 15 97 1 0 77 100 83 42 45 2 37 23 59 100 57 
70 75 40 68 35 52 72 32 48 20 85 42 30 6 51 4 60 77 95 51 60 52 80 62 36 42 30 96 39 0 44 49 97 50 15 65 7 35 26 97 
75 25 6 26 91 19 13 99 75 71 28 50 20 97 38 65 39 93 72 7 4 3 46 17 80 3 87 92 3 100 0 64 72 4 87 39 70 65 47 61 
6 15 87 61 71 56 83 51 68 39 49 62 24 95 90 26 96 56 91 72 72 50 26 19 3 6 8 18 83 44 23 0 87 25 45 93 42 36 34 33 
14 15 39 37 15 68 80 32 82 8 77 30 92 71 62 91 69 60 1 68 4 72 29 81 3 96 17 1 73 46 68 53 0 88 62 18 47 25 80 41 
83 71 64 92 26 49 87 16 92 73 41 6 70 20 72 68 38 51 29 57 65 21 33 57 80 84 52 42 36 88 60 29 3 0 51 73 98 79 90 62 
32 68 45 97 62 75 69 44 32 53 74 39 93 29 73 37 12 44 61 55 8 36 57 15 2 87 11 52 70 61 99 21 37 37 0 55 66 94 73 47 
25 61 71 69 78 65 98 7 65 99 97 31 53 68 1 92 87 89 19 75 91 89 53 6 69 25 84 94 55 98 65 13 100 99 15 0 63 8 46 51 
90 95 15 41 45 14 61 39 75 28 1 3 38 35 86 37 21 23 56 15 45 34 97 34 2 77 50 96 88 77 95 90 57 69 37 70 0 50 80 50 
80 51 77 52 60 6 50 13 29 13 95 97 66 65 83 63 16 23 31 41 38 93 36 34 26 91 44 7 94 32 72 73 73 23 70 15 66 0 82 67 
67 90 75 17 93 64 76 42 98 41 28 43 59 41 41 40 27 39 88 72 36 44 20 74 42 30 49 34 46 8 62 73 51 43 36 58 83 3 0 34 
56 83 97 67 69 99 58 72 12 10 86 71 32 6 64 54 58 14 98 33 23 32 79 73 32 31 90 31 50 90 1 48 15 91 59 78 45 72 79 0 
