50
0 91 67 79 93 10 57 24 45 36 67 14 30 99 9 81 50 87 23 24 85 55 31 5 37 14 61 85 53 27 10 22 8 11 53 27 60 65 39 88 76 63 43 96 29 44 26 67 71 47 
89 0 69 91 61 75 18 24 33 18 99 5 89 45 1 46 95 62 100 62 50 12 88 74 36 78 52 7 20 62 24 77 48 37 84 47 2 79 99 15 14 100 38 44 48 53 48 30 43 47 
18 100 0 86 67 79 16 94 50 66 51 74 74 48 49 43 7 14 83 49 19 2 78 64 48 97 28 38 7 2 31 42 53 17 50 89 61 44 86 97 61 71 79 88 23 27 30 22 30 89 
96 83 93 0 49 81 42 86 23 8 77 92 6 20 93 98 13 62 59 98 13 23 16 34 85 32 36 40 33 18 34 87 47 13 84 20 69 91 96 73 87 71 75 63 15 70 44 32 25 78 
26 34 69 82 0 67 29 6 77 78 71 45 70 59 86 61 99 48 16 3 17 14 20 97 82 95 87 9 3 14 79 27 31 92 93 94 5 16 61 73 49 17 35 47 70 48 76 36 44 34 
68 11 73 95 93 0 94 16 36 56 75 48 55 7 73 36 17 93 72 61 9 77 70 96 45 95 54 35 40 11 18 41 84 84 33 28 61 14 90 93 31 55 88 59 87 34 9 1 35 1 
55 39 71 74 77 83 0 1 20 94 90 57 94 31 38 45 61 32 69 26 44 35 25 1 77 15 22 25 42 64 57 12 36 81 7 83 6 7 34 76 11 3 44 57 33 51 80 77 11 76 
51 76 47 31 11 18 62 0 3 91 89 83 15 24 87 41 26 58 40 33 65 82 19 80 68 87 70 57 30 52 13 73 51 89 87 88 2 43 68 86 64 74 84 63 49 32 40 76 7 98 
4 12 70 62 25 18 80 42 0 31 43 83 11 45 81 5 87 98 91 31 62 3 84 83 59 35 79 70 58 20 89 41 86 88 11 39 63 18 42 67 25 81 78 3 25 13 36 32 63 33 
89 19 1 69 100 23 55 92 65 0 36 100 49 10 84 32 58 37 88 24 94 45 41 59 18 52 89 44 98 28 69 26 15 23 21 5 66 71 57 48 19 50 44 88 95 46 25 38 98 4 
8 16 42 79 81 85 25 5 61 60 0 9 17 27 39 98 93 35 38 18 93 20 83 23 33 30 24 18 39 38 86 66 81 96 86 82 8 8 92 61 9 40 72 22 19 12 70 51 60 12 
57 51 56 93 84 84 55 92 42 24 9 0 51 14 45 28 88 48 6 50 41 51 67 36 77 99 27 23 27 28 29 3 64 96 60 90 80 75 29 68 69 28 9 65 20 8 44 33 72 20 
40 52 55 85 94 61 83 79 32 52 80 12 0 60 57 94 7 65 91 17 65 97 36 34 27 93 68 16 81 73 42 14 87 9 86 71 45 36 69 49 79 20 25 56 90 48 14 45 39 32 
25 88 27 97 28 84 34 97 37 87 99 48 78 0 68 13 44 52 96 94 44 43 28 97 76 31 33 97 99 47 53 84 79 8 100 77 7 25 98 26 30 36 53 73 82 68 77 66 28 5 
52 81 4 17 4 89 31 13 78 61 74 93 59 26 0 85 77 64 44 85 42 8 80 83 47 54 43 97 49 87 93 86 41 84 5 24 79 40 42 20 12 29 99 50 87 40 69 4 10 56 
23 98 64 68 46 34 15 59 57 7 49 3 77 73 100 0 37 87 65 96 56 24 10 82 7 40 72 76 72 8 74 85 53 45 15 34 93 30 50 42 30 89 44 78 69 33 5 88 96 16 
22 38 56 100 16 68 53 84 81 40 83 64 19 50 14 49 0 25 42 27 81 38 87 94 76 18 56 58 36 94 45 3 73 7 69 3 41 88 77 44 51 61 6 30 91 29 2 34 18 97 
62 84 22 67 7 51 71 73 94 42 26 60 2 40 7 19 87 0 99 19 28 31 22 95 55 82 44 88 56 91 97 35 1 82 83 33 72 26 42 80 75 18 21 45 59 9 37 7 35 61 
38 100 56 86 61 19 37 29 84 20 97 37 80 59 32 57 78 50 0 48 78 14 36 64 22 33 95 98 76 97 21 13 37 85 70 40 96 12 28 71 80 77 96 90 34 8 39 93 69 2 
9 33 39 44 95 86 6 24 12 76 48 35 92 76 89 62 89 59 72 0 73 20 94 67 86 1 19 43 16 51 79 35 23 31 18 86 49 43 4 74 37 91 20 96 55 28 36 7 52 67 
92 39 45 85 46 44 41 85 90 55 86 30 67 35 39 60 8 90 63 73 0 84 55 24 20 33 24 5 43 34 17 22 13 86 74 99 41 77 47 18 83 58 29 2 74 39 6 28 30 84 
54 77 40 22 12 56 47 98 53 33 68 47 17 78 7 71 56 97 13 89 56 0 3 80 96 9 11 33 70 31 67 17 84 76 5 17 28 75 82 81 26 95 54 12 11 98 39 77 25 71 
44 72 86 62 29 80 97 51 19 42 92 70 42 63 51 81 23 80 67 22 45 33 0 84 67 82 45 41 80 9 88 21 21 11 37 60 25 73 74 59 71 66 83 93 95 88 26 65 89 39 
93 98 57 95 57 37 72 19 86 26 5 64 27 40 30 29 71 97 90 63 41 85 3 0 62 24 34 24 17 44 86 51 98 76 12 88 97 91 69 6 90 61 47 49 9 1 10 39 55 77 
81 4 49 30 32 68 74 36 61 47 4 24 84 44 50 62 40 93 53 29 34 66 19 47 0 26 35 78 2 5 3 74 83 47 81 67 14 64 25 12 8 62 16 80 50 25 11 3 85 54 
25 84 92 24 14 4 62 77 1 23 43 24 17 36 80 40 62 54 79 82 71 74 41 34 78 0 62 28 63 19 85 94 97 87 3 94 28 84 48 88 55 76 70 53 17 54 71 81 33 54 
23 17 54 97 1 31 58 78 25 71 9 1 52 61 65 18 82 56 21 47 25 93 58 39 69 18 0 22 48 54 50 24 80 70 14 61 36 47 82 65 61 5 68 93 10 45 36 27 53 14 
38 28 23 87 94 99 39 13 100 10 64 50 97 29 92 26 47 35 69 81 92 77 87 23 53 82 68 0 86 39 56 26 12 34 30 42 94 39 84 33 74 57 69 56 31 32 54 92 79 16 
3 47 24 22 13 65 34 68 51 91 2 54 3 66 3 2 17 84 61 71 46 9 69 28 54 48 37 22 0 96 80 100 28 37 79 19 14 96 78 100 29 55 90 85 42 5 89 8 17 72 
37 51 24 79 31 9 27 97 69 37 10 45 41 10 72 7 91 99 38 90 96 92 17 89 43 81 31 60 44 0 51 72 59 80 68 91 57 52 26 38 21 20 16 8 9 21 3 31 35 36 
87 28 99 35 35 86 91 19 71 99 19 23 15 70 99 8 4 63 84 51 39 16 87 15 4 91 7 33 25 18 0 69 4 85 70 44 27 9 96 6 67 55 6 27 1 39 19 8 17 94 
67 80 59 65 4 76 5 5 33 21 16 80 94 55 38 71 76 15 8 54 73 74 39 29 76 7 12 22 34 55 46 0 61 97 65 5 90 58 69 43 15 1 13 12 5 42 89 21 58 26 
28 32 23 27 24 24 90 30 76 85 89 48 42 39 91 77 33 82 82 88 83 4 99 18 82 5 46 36 95 97 22 3 0 53 13 59 9 40 37 66 82 80 69 33 25 62 42 11 91 53 
43 53 30 89 37 97 71 70 83 7 25 54 42 94 28 47 19 31 67 10 71 69 39 68 35 100 89 79 59 56 70 9 18 0 85 15 16 60 2 58 88 49 6 5 72 31 27 60 39 21 
26 50 87 91 31 93 54 12 86 47 10 31 23 75 2 35 9 79 34 31 12 30 19 91 20 32 38 54 82 26 91 11 80 89 0 14 45 53 72 86 60 16 65 83 84 34 51 47 15 8 
47 93 41 92 8 40 84 78 46 55 1 14 93 39 3 9 30 14 6 32 11 59 54 71 25 51 7 96 73 95 69 7 66 86 99 0 46 3 34 7 52 2 6 43 3 23 20 3 31 48 
24 97 39 5 60 90 39 97 95 7 68 86 4 76 56 62 75 39 25 34 6 77 43 100 16 55 2 39 35 82 35 57 18 35 39 10 0 99 98 53 32 76 73 65 63 17 61 62 4 65 
22 2 75 22 8 71 14 3 40 64 27 86 28 88 89 72 58 93 49 21 58 44 37 71 88 83 22 76 96 62 16 30 2 72 77 3 42 0 24 68 50 12 65 39 98 24 95 55 65 39 
99 13 72 67 30 83 40 55 80 83 22 9 35 3 36 93 47 6 57 40 9 77 97 44 13 64 51 11 11 8 89 83 94 68 13 63 90 39 0 65 7 99 77 86 83 24 98 20 39 20 
78 54 27 48 53 67 82 37 98 7 8 80 42 80 69 3 32 32 79 11 21 95 63 96 76 53 23 56 3 23 38 29 94 81 93 37 1 79 9 0 23 18 35 14 82 88 25 41 63 21 
47 4 16 88 17 42 43 89 42 16 5 23 47 99 74 51 14 39 19 92 95 19 42 84 44 16 8 27 54 28 11 70 23 59 32 40 22 4 92 66 0 15 10 96 66 19 78 49 48 94 
6 53 41 8 82 78 49 99 74 74 69 55 21 9 58 51 13 72 90 19 23 47 33 76 32 56 14 31 77 49 93 59 3 92 98 11 34 87 5 15 25 0 50 98 17 91 53 73 51 70 
58 10 44 37 35 78 91 3 70 97 28 93 33 7 7 14 77 45 27 40 88 92 55 99 84 97 21 49 85 83 19 16 23 27 17 75 23 45 96 57 73 6 0 97 63 29 70 51 46 41 
29 64 72 85 80 15 11 17 56 53 20 12 48 82 61 22 73 56 29 81 4 80 82 60 35 80 46 83 60 91 7 45 46 91 31 18 51 68 68 24 52 18 61 0 56 67 54 4 82 65 
66 17 61 55 38 77 38 86 12 30 58 89 99 36 96 3 48 10 16 37 45 5 98 22 8 95 29 87 82 78 30 91 67 43 16 56 91 30 13 87 55 43 47 22 0 39 52 50 53 11 
30 68 68 92 8 80 41 54 48 19 6 27 59 75 59 52 46 47 36 21 1 14 48 29 90 72 16 47 24 23 74 65 18 93 65 54 17 96 56 61 51 73 40 54 72 0 52 3 49 90 
13 24 31 22 68 8 27 50 37 67 85 6 90 67 52 70 77 9 46 60 93 45 7 75 80 84 17 80 50 74 24 26 30 63 13 4 38 13 26 37 39 42 52 65 51 18 0 20 71 85 
93 73 50 65 47 89 6 88 28 91 53 7 30 27 53 56 31 97 86 49 93 25 18 56 64 39 41 37 19 96 12 68 32 75 56 44 3 43 75 82 37 7 72 42 47 86 11 0 48 54 
27 25 10 7 81 53 22 46 34 75 33 40 2 2 52 41 97 72 23 24 98 3 13 70 16 89 60 6 62 78 48 58 81 62 32 2 70 55 54 1 7 24 87 10 52 79 77 86 0 98 
81 56 40 53 69 86 93 24 36 20 89 14 80 65 23 95 37 94 25 56 31 15 79 41 38 83 6 28 31 73 84 36 44 64 10 22 46 20 91 59 75 24 88 41 39 39 22 19 11 0 
