50
0 57 80 1 19 35 59 93 2 79 43 51 41 52 36 14 49 76 64 89 62 9 72 20 62 3 14 25 37 62 27 15 22 56 18 32 70 11 87 41 57 55 83 1 20 80 54 44 35 62 
66 0 79 94 1 13 12 65 79 32 42 79 35 56 52 80 44 65 36 5 70 86 4 50 16 47 78 74 2 26 97 55 38 78 23 39 99 61 7 42 60 89 77 82 40 80 97 64 16 2 
41 65 0 4 3 29 5 59 9 25 94 95 83 74 85 89 74 91 91 44 72 6 78 27 40 68 19 80 65 48 77 89 23 19 2 77 96 88 72 17 87 35 97 18 77 76 94 78 23 66 
45 8 35 0 98 22 87 50 78 4 58 59 30 3 56 7 5 61 29 5 85 60 21 19 69 18 15 86 44 82 64 35 95 56 26 18 48 19 46 79 51 93 100 56 42 57 52 91 98 15 
86 67 62 30 0 64 37 33 20 90 27 66 89 48 44 37 1 34 82 91 22 40 64 32 10 68 20 4 85 68 86 8 88 97 47 92 45 22 100 35 24 59 11 89 34 47 82 42 37 65 
70 50 83 33 29 0 28 87 46 35 29 2 4 2 22 95 62 35 1 75 65 58 69 99 31 8 6 65 90 53 16 95 18 9 36 22 5 99 45 80 76 87 78 39 76 73 31 98 41 80 
79 55 72 65 88 79 0 85 19 38 98 76 50 80 56 2 1 85 47 38 72 85 27 55 79 52 24 92 7 99 43 35 56 2 35 70 17 18 42 54 10 47 47 79 30 59 89 77 99 37 
77 82 72 98 75 42 42 0 92 73 36 43 70 41 79 31 62 68 98 71 20 21 27 23 79 53 67 90 18 31 67 27 63 46 92 78 31 57 45 45 83 18 39 14 13 73 62 58 98 63 
1 8 94 11 35 32 38 70 0 30 25 47 54 76 54 80 13 79 40 90 90 69 90 61 15 67 88 82 94 26 66 34 70 15 64 87 83 31 65 16 6 2 31 24 23 60 80 16 11 42 
97 84 65 4 40 78 57 69 77 0 45 80 71 98 81 85 31 99 64 26 31 1 52 80 85 55 62 79 8 38 20 87 54 98 17 23 60 67 79 69 64 90 22 27 24 12 73 91 2 87 
3 81 78 97 30 44 73 48 7 70 0 73 34 81 52 91 76 35 48 48 83 23 14 81 26 100 22 75 98 10 70 99 16 33 53 33 19 21 22 16 44 57 20 36 80 98 98 42 60 15 
23 58 67 62 75 57 32 53 84 59 29 0 56 86 41 28 44 72 21 46 16 52 100 55 41 18 7 35 14 40 73 77 26 30 23 72 62 56 45 57 16 81 67 13 73 91 32 8 97 93 
42 53 97 44 96 93 62 6 42 55 35 97 0 15 75 35 88 28 73 49 61 45 66 10 19 96 96 65 27 82 12 5 10 99 80 49 47 56 88 13 59 49 70 32 1 4 73 58 69 51 
22 73 97 25 39 89 86 42 11 83 47 93 83 0 27 26 70 60 75 84 13 50 51 38 15 90 89 1 44 67 37 33 18 81 23 87 94 65 10 11 93 87 89 36 79 30 65 19 52 28 
98 5 10 44 92 24 64 98 36 83 63 21 55 25 0 99 75 70 44 59 81 60 44 62 64 39 64 14 85 100 65 45 24 98 76 29 27 73 21 82 97 65 39 9 25 100 80 38 15 40 
83 68 28 59 65 62 96 98 80 30 91 95 34 63 32 0 100 27 70 24 97 38 47 50 74 48 21 4 99 66 84 100 41 31 15 34 74 13 18 77 1 87 91 18 67 60 51 36 99 39 
95 71 44 53 54 29 29 85 39 58 85 74 46 30 53 65 0 26 52 10 49 25 65 99 4 30 52 3 48 14 13 11 73 38 86 28 3 29 42 25 59 19 25 34 67 41 19 100 9 70 
70 73 65 8 86 32 80 50 41 84 13 47 67 44 49 53 47 0 32 71 92 54 1 59 51 97 82 55 28 30 90 22 27 17 87 88 28 48 40 3 10 66 82 41 59 1 63 98 78 67 
1 69 35 41 11 30 7 58 66 2 67 50 30 80 36 62 1 19 0 66 53 16 55 25 12 47 62 3 32 85 42 44 38 82 52 38 39 28 50 54 12 1 22 85 78 98 10 6 42 15 
91 37 80 4 85 68 56 48 1 1 27 13 86 7 20 85 30 8 56 0 33 75 25 30 93 52 12 29 100 39 49 50 2 92 5 35 14 28 19 98 56 45 37 10 61 64 65 98 1 89 
14 78 6 54 97 47 61 13 87 84 99 5 31 85 52 44 25 89 95 86 0 43 84 39 10 78 46 68 7 75 97 90 77 48 53 40 68 30 34 9 100 75 73 39 51 30 22 73 63 71 
97 88 95 2 55 28 21 58 36 91 52 51 81 54 50 59 63 93 100 86 100 0 43 94 92 80 30 22 91 47 62 56 14 56 79 14 22 81 20 97 94 93 9 70 15 12 11 50 2 55 
1 89 97 41 38 6 52 20 51 46 76 72 75 14 34 61 58 6 9 11 44 72 0 65 6 45 2 12 55 10 7 27 40 35 14 41 28 33 85 57 74 23 40 88 14 55 8 43 81 42 
5 17 45 44 15 90 59 60 83 6 52 80 68 3 53 46 19 92 14 16 16 98 4 0 39 76 72 65 83 43 54 79 62 64 41 58 92 72 3 94 69 61 67 52 62 97 69 41 38 30 
70 84 68 46 53 50 59 26 68 91 96 46 48 56 4 90 77 90 6 5 75 42 62 64 0 30 36 57 25 65 75 58 81 39 49 14 59 59 62 68 55 21 8 86 46 26 81 29 12 94 
25 44 89 66 43 97 64 22 77 70 89 31 11 17 61 59 23 75 38 5 56 14 42 35 97 0 56 30 8 84 97 95 93 13 30 7 21 97 10 72 44 21 88 68 85 97 99 14 52 91 
91 72 95 77 64 6 17 30 27 7 19 5 12 11 94 38 15 97 57 7 70 28 43 21 26 17 0 39 80 41 12 100 3 13 29 82 35 94 99 53 11 40 48 23 90 63 71 85 86 74 
54 6 2 76 11 67 52 57 29 35 50 90 73 54 72 87 87 17 47 46 66 25 16 52 58 62 9 0 24 29 20 80 25 56 82 100 97 32 90 26 74 71 87 32 65 11 54 69 79 59 
83 44 70 90 71 36 52 52 60 79 35 93 64 17 73 9 32 52 30 68 41 73 59 19 61 79 91 80 0 54 67 52 85 97 73 61 33 38 80 67 71 76 73 61 48 100 41 11 83 70 
87 99 90 52 49 59 42 11 43 34 74 35 18 39 94 18 46 45 72 84 95 16 49 59 37 12 41 33 29 0 46 58 93 65 15 57 70 14 37 51 58 43 56 42 2 4 80 22 53 37 
40 25 70 38 98 27 80 65 42 9 82 93 1 9 69 81 38 94 18 52 6 36 57 18 74 40 83 53 91 75 0 85 72 62 64 93 2 81 96 35 27 56 26 39 72 92 30 74 36 50 
14 93 36 56 14 82 17 25 23 17 7 20 73 60 38 91 1 67 76 6 65 5 70 54 18 52 15 67 69 28 67 0 94 18 42 15 80 35 39 14 55 81 20 54 85 91 10 24 48 51 
24 52 40 64 60 68 34 43 32 84 66 47 16 69 55 80 60 2 90 13 46 37 2 56 75 12 85 99 87 21 29 52 0 39 49 61 8 18 76 10 7 10 54 27 5 16 49 24 62 74 
99 24 94 58 62 52 90 6 60 40 92 34 96 16 25 93 80 38 93 84 42 53 47 66 45 62 32 76 49 64 94 96 32 0 18 33 72 43 14 96 81 1 92 89 83 29 35 29 54 36 
7 51 41 79 26 45 83 5 20 82 45 87 87 35 28 25 46 55 26 26 68 68 28 10 54 74 80 46 55 90 69 61 78 97 0 81 60 16 84 46 100 94 18 66 55 62 37 97 64 8 
29 90 100 22 9 96 93 7 80 75 36 9 86 77 6 24 30 20 10 84 25 62 21 46 72 1 15 7 20 18 41 98 43 10 15 0 59 19 81 65 61 86 51 52 80 97 3 47 75 77 
49 73 100 36 49 88 32 100 13 98 76 40 17 68 44 96 13 50 89 72 68 42 82 44 11 61 78 16 96 47 47 45 13 46 72 20 0 4 46 37 31 5 93 53 70 48 62 84 94 38 
89 13 81 10 94 73 46 91 40 28 55 14 92 51 88 93 53 61 10 35 32 14 43 87 12 14 5 15 8 73 12 23 68 35 18 59 86 0 98 19 67 76 72 27 98 80 91 25 3 61 
19 24 87 43 63 57 17 72 95 92 75 29 42 88 38 1 37 18 7 68 96 41 23 15 7 91 90 89 50 38 96 15 1 86 71 8 78 95 0 100 64 34 33 22 22 64 13 49 86 77 
53 51 51 33 30 33 24 87 75 84 49 7 69 92 29 31 28 33 74 81 93 49 84 8 86 12 42 60 63 75 76 29 67 91 99 32 54 1 91 0 45 60 68 43 57 74 82 5 61 44 
22 83 29 82 77 76 29 25 13 23 96 9 9 98 47 18 39 59 57 94 77 15 5 43 75 46 31 6 42 85 40 19 88 45 71 59 39 3 38 82 0 54 44 28 44 94 94 40 97 2 
71 97 47 95 77 7 6 76 89 81 42 4 81 66 27 78 35 84 65 93 73 67 5 65 43 94 64 78 7 30 60 95 18 98 55 16 26 23 80 18 73 0 12 83 85 57 4 28 85 50 
9 1 26 33 42 93 23 61 22 47 61 77 14 85 58 51 91 19 29 11 35 15 34 87 44 28 21 79 20 59 55 38 71 89 43 70 25 19 17 18 26 71 0 8 24 74 54 61 54 92 
79 11 4 11 40 60 10 50 99 10 12 34 77 68 70 70 57 74 8 56 42 25 62 50 56 72 26 96 68 71 63 99 54 79 16 64 92 45 81 66 24 22 66 0 82 26 41 100 52 44 
77 71 21 59 53 26 27 35 82 57 5 83 60 53 53 76 62 74 5 50 7 14 94 48 13 73 34 7 65 12 99 10 25 22 1 15 72 37 91 83 49 30 3 3 0 9 16 16 8 72 
71 51 96 11 56 31 51 59 25 27 20 99 75 70 7 55 13 69 38 18 69 10 7 94 32 99 56 43 8 52 3 42 70 29 31 24 41 56 66 43 22 2 18 97 19 0 18 36 24 49 
100 99 30 14 41 72 37 2 8 29 28 36 77 91 26 36 76 74 30 19 98 49 97 54 42 11 95 56 58 8 13 75 59 29 60 45 83 83 81 33 65 84 26 59 80 94 0 63 86 32 
30 77 73 1 50 55 68 52 25 52 71 43 35 56 51 86 15 53 84 86 78 96 20 32 24 35 65 59 38 56 1 67 21 7 94 13 16 2 5 74 18 74 15 32 17 81 5 0 95 6 
79 44 21 58 76 63 89 100 88 15 47 49 16 40 36 35 17 37 72 20 82 3 93 51 62 91 30 60 27 62 58 14 92 3 79 41 5 85 29 92 19 31 96 76 77 25 100 64 0 44 
37 12 8 100 41 75 65 13 64 54 53 78 10 57 29 13 88 83 77 22 100 100 36 91 89 32 90 59 20 78 65 27 41 17 70 25 74 14 30 86 49 45 40 56 3 37 13 17 8 0 
// tabu search : 127032 527 seconds
// hill climbing: 132525 57 seconds